1228
7000
6908
11352
9564
6996
9664
6420
9796
324
1984
9852
12252
5700
8884
8048
9028
7008
8080
7536
6116
1596
9516
8688
9152
2388
11468
8260
7764
10824
8156
6956
7732
10636
5192
5400
8712
7956
8636
456
11884
7172
11976
4276
8464
11392
11812
136
11928
11260
12116
5780
7564
6808
5632
6460
632
8772
10560
11772
9024
8188
9720
10100
6488
5428
9228
5420
8140
3132
9144
7696
10716
11524
10412
5888
9472
10028
5368
352
6816
4828
7764
2720
9184
11052
10772
7820
6532
924
3776
6008
6180
6364
11364
7268
10360
3784
6912
3728
8648
5944
7744
9724
11684
12056
11980
6908
9908
5644
11312
11044
6972
2040
6900
9096
8036
7224
10468
9312
10268
11828
10308
10872
772
9612
9472
3776
8092
10680
5212
11584
5896
9808
8668
6092
11120
4620
4672
8496
8464
7532
11720
10328
9588
6932
7456
11624
6884
11140
